2022/10/29-11:02:57.396555 a948 RocksDB version: 7.4.4
2022/10/29-11:02:57.396683 a948 Compile date 2022-07-19 08:49:59
2022/10/29-11:02:57.396708 a948 DB SUMMARY
2022/10/29-11:02:57.396724 a948 DB Session ID:  T99MADYTHAR3UIOEABWB
2022/10/29-11:02:57.396999 a948 SST files in surrealDB/Server dir, Total Num: 0, files: 
2022/10/29-11:02:57.397017 a948 Write Ahead Log file in surrealDB/Server: 
2022/10/29-11:02:57.397027 a948                         Options.error_if_exists: 0
2022/10/29-11:02:57.397036 a948                       Options.create_if_missing: 1
2022/10/29-11:02:57.397045 a948                         Options.paranoid_checks: 1
2022/10/29-11:02:57.397053 a948             Options.flush_verify_memtable_count: 1
2022/10/29-11:02:57.397061 a948                               Options.track_and_verify_wals_in_manifest: 0
2022/10/29-11:02:57.397219 a948        Options.verify_sst_unique_id_in_manifest: 0
2022/10/29-11:02:57.397227 a948                                     Options.env: 00000222D32C6AC0
2022/10/29-11:02:57.397231 a948                                      Options.fs: WinFS
2022/10/29-11:02:57.397234 a948                                Options.info_log: 00000222D32EDC40
2022/10/29-11:02:57.397237 a948                Options.max_file_opening_threads: 16
2022/10/29-11:02:57.397241 a948                              Options.statistics: 0000000000000000
2022/10/29-11:02:57.397244 a948                               Options.use_fsync: 0
2022/10/29-11:02:57.397246 a948                       Options.max_log_file_size: 0
2022/10/29-11:02:57.397250 a948                  Options.max_manifest_file_size: 1073741824
2022/10/29-11:02:57.397253 a948                   Options.log_file_time_to_roll: 0
2022/10/29-11:02:57.397256 a948                       Options.keep_log_file_num: 1000
2022/10/29-11:02:57.397259 a948                    Options.recycle_log_file_num: 0
2022/10/29-11:02:57.397262 a948                         Options.allow_fallocate: 1
2022/10/29-11:02:57.397265 a948                        Options.allow_mmap_reads: 0
2022/10/29-11:02:57.397267 a948                       Options.allow_mmap_writes: 0
2022/10/29-11:02:57.397270 a948                        Options.use_direct_reads: 0
2022/10/29-11:02:57.397273 a948                        Options.use_direct_io_for_flush_and_compaction: 0
2022/10/29-11:02:57.397276 a948          Options.create_missing_column_families: 0
2022/10/29-11:02:57.397279 a948                              Options.db_log_dir: 
2022/10/29-11:02:57.397282 a948                                 Options.wal_dir: 
2022/10/29-11:02:57.397285 a948                Options.table_cache_numshardbits: 6
2022/10/29-11:02:57.397288 a948                         Options.WAL_ttl_seconds: 0
2022/10/29-11:02:57.397291 a948                       Options.WAL_size_limit_MB: 0
2022/10/29-11:02:57.397294 a948                        Options.max_write_batch_group_size_bytes: 1048576
2022/10/29-11:02:57.397297 a948             Options.manifest_preallocation_size: 4194304
2022/10/29-11:02:57.397300 a948                     Options.is_fd_close_on_exec: 1
2022/10/29-11:02:57.397302 a948                   Options.advise_random_on_open: 1
2022/10/29-11:02:57.397305 a948                   Options.experimental_mempurge_threshold: 0.000000
2022/10/29-11:02:57.397317 a948                    Options.db_write_buffer_size: 0
2022/10/29-11:02:57.397320 a948                    Options.write_buffer_manager: 00000222D32C6CA0
2022/10/29-11:02:57.397323 a948         Options.access_hint_on_compaction_start: 1
2022/10/29-11:02:57.397326 a948           Options.random_access_max_buffer_size: 1048576
2022/10/29-11:02:57.397329 a948                      Options.use_adaptive_mutex: 0
2022/10/29-11:02:57.397331 a948                            Options.rate_limiter: 0000000000000000
2022/10/29-11:02:57.397335 a948     Options.sst_file_manager.rate_bytes_per_sec: 0
2022/10/29-11:02:57.397338 a948                       Options.wal_recovery_mode: 2
2022/10/29-11:02:57.397341 a948                  Options.enable_thread_tracking: 0
2022/10/29-11:02:57.397344 a948                  Options.enable_pipelined_write: 0
2022/10/29-11:02:57.397369 a948                  Options.unordered_write: 0
2022/10/29-11:02:57.397374 a948         Options.allow_concurrent_memtable_write: 1
2022/10/29-11:02:57.397377 a948      Options.enable_write_thread_adaptive_yield: 1
2022/10/29-11:02:57.397380 a948             Options.write_thread_max_yield_usec: 100
2022/10/29-11:02:57.397383 a948            Options.write_thread_slow_yield_usec: 3
2022/10/29-11:02:57.397386 a948                               Options.row_cache: None
2022/10/29-11:02:57.397389 a948                              Options.wal_filter: None
2022/10/29-11:02:57.397392 a948             Options.avoid_flush_during_recovery: 0
2022/10/29-11:02:57.397394 a948             Options.allow_ingest_behind: 0
2022/10/29-11:02:57.397397 a948             Options.two_write_queues: 0
2022/10/29-11:02:57.397400 a948             Options.manual_wal_flush: 0
2022/10/29-11:02:57.397403 a948             Options.wal_compression: 0
2022/10/29-11:02:57.397406 a948             Options.atomic_flush: 0
2022/10/29-11:02:57.397408 a948             Options.avoid_unnecessary_blocking_io: 0
2022/10/29-11:02:57.397411 a948                 Options.persist_stats_to_disk: 0
2022/10/29-11:02:57.397414 a948                 Options.write_dbid_to_manifest: 0
2022/10/29-11:02:57.397417 a948                 Options.log_readahead_size: 0
2022/10/29-11:02:57.397420 a948                 Options.file_checksum_gen_factory: Unknown
2022/10/29-11:02:57.397423 a948                 Options.best_efforts_recovery: 0
2022/10/29-11:02:57.397426 a948                Options.max_bgerror_resume_count: 2147483647
2022/10/29-11:02:57.397428 a948            Options.bgerror_resume_retry_interval: 1000000
2022/10/29-11:02:57.397431 a948             Options.allow_data_in_errors: 0
2022/10/29-11:02:57.397434 a948             Options.db_host_id: __hostname__
2022/10/29-11:02:57.397437 a948             Options.enforce_single_del_contracts: true
2022/10/29-11:02:57.397440 a948             Options.max_background_jobs: 2
2022/10/29-11:02:57.397443 a948             Options.max_background_compactions: -1
2022/10/29-11:02:57.397446 a948             Options.max_subcompactions: 1
2022/10/29-11:02:57.397449 a948             Options.avoid_flush_during_shutdown: 0
2022/10/29-11:02:57.397452 a948           Options.writable_file_max_buffer_size: 1048576
2022/10/29-11:02:57.397455 a948             Options.delayed_write_rate : 16777216
2022/10/29-11:02:57.397457 a948             Options.max_total_wal_size: 0
2022/10/29-11:02:57.397460 a948             Options.delete_obsolete_files_period_micros: 21600000000
2022/10/29-11:02:57.397463 a948                   Options.stats_dump_period_sec: 600
2022/10/29-11:02:57.397466 a948                 Options.stats_persist_period_sec: 600
2022/10/29-11:02:57.397469 a948                 Options.stats_history_buffer_size: 1048576
2022/10/29-11:02:57.397472 a948                          Options.max_open_files: -1
2022/10/29-11:02:57.397475 a948                          Options.bytes_per_sync: 0
2022/10/29-11:02:57.397478 a948                      Options.wal_bytes_per_sync: 0
2022/10/29-11:02:57.397481 a948                   Options.strict_bytes_per_sync: 0
2022/10/29-11:02:57.397483 a948       Options.compaction_readahead_size: 0
2022/10/29-11:02:57.397486 a948                  Options.max_background_flushes: -1
2022/10/29-11:02:57.397489 a948 Compression algorithms supported:
2022/10/29-11:02:57.397498 a948 	kZSTD supported: 1
2022/10/29-11:02:57.397501 a948 	kSnappyCompression supported: 1
2022/10/29-11:02:57.397504 a948 	kBZip2Compression supported: 1
2022/10/29-11:02:57.397507 a948 	kZlibCompression supported: 1
2022/10/29-11:02:57.397510 a948 	kLZ4Compression supported: 1
2022/10/29-11:02:57.397513 a948 	kXpressCompression supported: 0
2022/10/29-11:02:57.397516 a948 	kLZ4HCCompression supported: 1
2022/10/29-11:02:57.397519 a948 	kZSTDNotFinalCompression supported: 1
2022/10/29-11:02:57.397524 a948 Fast CRC32 supported: Not supported on x86
2022/10/29-11:02:57.397527 a948 DMutex implementation: std::mutex
2022/10/29-11:02:57.400450 a948 [db/db_impl/db_impl_open.cc:313] Creating manifest 1 
2022/10/29-11:02:57.404457 a948 [db/version_set.cc:4948] Recovering from manifest file: surrealDB/Server/MANIFEST-000001
2022/10/29-11:02:57.405193 a948 [db/column_family.cc:614] --------------- Options for column family [default]:
2022/10/29-11:02:57.405218 a948               Options.comparator: leveldb.BytewiseComparator
2022/10/29-11:02:57.405229 a948           Options.merge_operator: None
2022/10/29-11:02:57.405236 a948        Options.compaction_filter: None
2022/10/29-11:02:57.405240 a948        Options.compaction_filter_factory: None
2022/10/29-11:02:57.405243 a948  Options.sst_partitioner_factory: None
2022/10/29-11:02:57.405246 a948         Options.memtable_factory: SkipListFactory
2022/10/29-11:02:57.405249 a948            Options.table_factory: BlockBasedTable
2022/10/29-11:02:57.405288 a948            table_factory options:   flush_block_policy_factory: FlushBlockBySizePolicyFactory (00000222D3324AD0)
  cache_index_and_filter_blocks: 0
  cache_index_and_filter_blocks_with_high_priority: 1
  pin_l0_filter_and_index_blocks_in_cache: 0
  pin_top_level_index_and_filter: 1
  index_type: 0
  data_block_index_type: 0
  index_shortening: 1
  data_block_hash_table_util_ratio: 0.750000
  checksum: 1
  no_block_cache: 0
  block_cache: 00000222D335DC40
  block_cache_name: LRUCache
  block_cache_options:
    capacity : 8388608
    num_shard_bits : 4
    strict_capacity_limit : 0
    memory_allocator : None
    high_pri_pool_ratio: 0.000
  block_cache_compressed: 0000000000000000
  persistent_cache: 0000000000000000
  block_size: 4096
  block_size_deviation: 10
  block_restart_interval: 16
  index_block_restart_interval: 1
  metadata_block_size: 4096
  partition_filters: 0
  use_delta_encoding: 1
  filter_policy: nullptr
  whole_key_filtering: 1
  verify_compression: 0
  read_amp_bytes_per_bit: 0
  format_version: 5
  enable_index_compression: 1
  block_align: 0
  max_auto_readahead_size: 262144
  prepopulate_block_cache: 0
  initial_auto_readahead_size: 8192
2022/10/29-11:02:57.405292 a948        Options.write_buffer_size: 67108864
2022/10/29-11:02:57.405296 a948  Options.max_write_buffer_number: 2
2022/10/29-11:02:57.405299 a948          Options.compression: Snappy
2022/10/29-11:02:57.405302 a948                  Options.bottommost_compression: Disabled
2022/10/29-11:02:57.405305 a948       Options.prefix_extractor: nullptr
2022/10/29-11:02:57.405308 a948   Options.memtable_insert_with_hint_prefix_extractor: nullptr
2022/10/29-11:02:57.405311 a948             Options.num_levels: 7
2022/10/29-11:02:57.405314 a948        Options.min_write_buffer_number_to_merge: 1
2022/10/29-11:02:57.405317 a948     Options.max_write_buffer_number_to_maintain: 0
2022/10/29-11:02:57.405320 a948     Options.max_write_buffer_size_to_maintain: 134217728
2022/10/29-11:02:57.405323 a948            Options.bottommost_compression_opts.window_bits: -14
2022/10/29-11:02:57.405326 a948                  Options.bottommost_compression_opts.level: 32767
2022/10/29-11:02:57.405329 a948               Options.bottommost_compression_opts.strategy: 0
2022/10/29-11:02:57.405332 a948         Options.bottommost_compression_opts.max_dict_bytes: 0
2022/10/29-11:02:57.405335 a948         Options.bottommost_compression_opts.zstd_max_train_bytes: 0
2022/10/29-11:02:57.405338 a948         Options.bottommost_compression_opts.parallel_threads: 1
2022/10/29-11:02:57.405341 a948                  Options.bottommost_compression_opts.enabled: false
2022/10/29-11:02:57.405344 a948         Options.bottommost_compression_opts.max_dict_buffer_bytes: 0
2022/10/29-11:02:57.405347 a948         Options.bottommost_compression_opts.use_zstd_dict_trainer: true
2022/10/29-11:02:57.405350 a948            Options.compression_opts.window_bits: -14
2022/10/29-11:02:57.405353 a948                  Options.compression_opts.level: 32767
2022/10/29-11:02:57.405356 a948               Options.compression_opts.strategy: 0
2022/10/29-11:02:57.405359 a948         Options.compression_opts.max_dict_bytes: 0
2022/10/29-11:02:57.405366 a948         Options.compression_opts.zstd_max_train_bytes: 0
2022/10/29-11:02:57.405371 a948         Options.compression_opts.use_zstd_dict_trainer: true
2022/10/29-11:02:57.405374 a948         Options.compression_opts.parallel_threads: 1
2022/10/29-11:02:57.405377 a948                  Options.compression_opts.enabled: false
2022/10/29-11:02:57.405380 a948         Options.compression_opts.max_dict_buffer_bytes: 0
2022/10/29-11:02:57.405383 a948      Options.level0_file_num_compaction_trigger: 4
2022/10/29-11:02:57.405386 a948          Options.level0_slowdown_writes_trigger: 20
2022/10/29-11:02:57.405388 a948              Options.level0_stop_writes_trigger: 36
2022/10/29-11:02:57.405391 a948                   Options.target_file_size_base: 67108864
2022/10/29-11:02:57.405394 a948             Options.target_file_size_multiplier: 1
2022/10/29-11:02:57.405397 a948                Options.max_bytes_for_level_base: 268435456
2022/10/29-11:02:57.405400 a948 Options.level_compaction_dynamic_level_bytes: 0
2022/10/29-11:02:57.405403 a948          Options.max_bytes_for_level_multiplier: 10.000000
2022/10/29-11:02:57.405407 a948 Options.max_bytes_for_level_multiplier_addtl[0]: 1
2022/10/29-11:02:57.405410 a948 Options.max_bytes_for_level_multiplier_addtl[1]: 1
2022/10/29-11:02:57.405413 a948 Options.max_bytes_for_level_multiplier_addtl[2]: 1
2022/10/29-11:02:57.405416 a948 Options.max_bytes_for_level_multiplier_addtl[3]: 1
2022/10/29-11:02:57.405419 a948 Options.max_bytes_for_level_multiplier_addtl[4]: 1
2022/10/29-11:02:57.405422 a948 Options.max_bytes_for_level_multiplier_addtl[5]: 1
2022/10/29-11:02:57.405425 a948 Options.max_bytes_for_level_multiplier_addtl[6]: 1
2022/10/29-11:02:57.405428 a948       Options.max_sequential_skip_in_iterations: 8
2022/10/29-11:02:57.405431 a948                    Options.max_compaction_bytes: 1677721600
2022/10/29-11:02:57.405434 a948                        Options.arena_block_size: 1048576
2022/10/29-11:02:57.405437 a948   Options.soft_pending_compaction_bytes_limit: 68719476736
2022/10/29-11:02:57.405440 a948   Options.hard_pending_compaction_bytes_limit: 274877906944
2022/10/29-11:02:57.405443 a948                Options.disable_auto_compactions: 0
2022/10/29-11:02:57.405447 a948                        Options.compaction_style: kCompactionStyleLevel
2022/10/29-11:02:57.405451 a948                          Options.compaction_pri: kMinOverlappingRatio
2022/10/29-11:02:57.405454 a948 Options.compaction_options_universal.size_ratio: 1
2022/10/29-11:02:57.405457 a948 Options.compaction_options_universal.min_merge_width: 2
2022/10/29-11:02:57.405459 a948 Options.compaction_options_universal.max_merge_width: 4294967295
2022/10/29-11:02:57.405463 a948 Options.compaction_options_universal.max_size_amplification_percent: 200
2022/10/29-11:02:57.405466 a948 Options.compaction_options_universal.compression_size_percent: -1
2022/10/29-11:02:57.405469 a948 Options.compaction_options_universal.stop_style: kCompactionStopStyleTotalSize
2022/10/29-11:02:57.405472 a948 Options.compaction_options_fifo.max_table_files_size: 1073741824
2022/10/29-11:02:57.405475 a948 Options.compaction_options_fifo.allow_compaction: 0
2022/10/29-11:02:57.405479 a948                   Options.table_properties_collectors: 
2022/10/29-11:02:57.405483 a948                   Options.inplace_update_support: 0
2022/10/29-11:02:57.405486 a948                 Options.inplace_update_num_locks: 10000
2022/10/29-11:02:57.405489 a948               Options.memtable_prefix_bloom_size_ratio: 0.000000
2022/10/29-11:02:57.405492 a948               Options.memtable_whole_key_filtering: 0
2022/10/29-11:02:57.405495 a948   Options.memtable_huge_page_size: 0
2022/10/29-11:02:57.405498 a948                           Options.bloom_locality: 0
2022/10/29-11:02:57.405501 a948                    Options.max_successive_merges: 0
2022/10/29-11:02:57.405504 a948                Options.optimize_filters_for_hits: 0
2022/10/29-11:02:57.405507 a948                Options.paranoid_file_checks: 0
2022/10/29-11:02:57.405510 a948                Options.force_consistency_checks: 1
2022/10/29-11:02:57.405552 a948                Options.report_bg_io_stats: 0
2022/10/29-11:02:57.405557 a948                               Options.ttl: 2592000
2022/10/29-11:02:57.405560 a948          Options.periodic_compaction_seconds: 0
2022/10/29-11:02:57.405563 a948                       Options.enable_blob_files: false
2022/10/29-11:02:57.405566 a948                           Options.min_blob_size: 0
2022/10/29-11:02:57.405569 a948                          Options.blob_file_size: 268435456
2022/10/29-11:02:57.405572 a948                   Options.blob_compression_type: NoCompression
2022/10/29-11:02:57.405575 a948          Options.enable_blob_garbage_collection: false
2022/10/29-11:02:57.405578 a948      Options.blob_garbage_collection_age_cutoff: 0.250000
2022/10/29-11:02:57.405582 a948 Options.blob_garbage_collection_force_threshold: 1.000000
2022/10/29-11:02:57.405585 a948          Options.blob_compaction_readahead_size: 0
2022/10/29-11:02:57.405588 a948                Options.blob_file_starting_level: 0
2022/10/29-11:02:57.406627 a948 [db/version_set.cc:4996] Recovered from manifest file:surrealDB/Server/MANIFEST-000001 succeeded,manifest_file_number is 1, next_file_number is 3, last_sequence is 0, log_number is 0,prev_log_number is 0,max_column_family is 0,min_log_number_to_keep is 0
2022/10/29-11:02:57.406640 a948 [db/version_set.cc:5005] Column family [default] (ID 0), log number is 0
2022/10/29-11:02:57.406924 a948 [db/db_impl/db_impl_open.cc:532] DB ID: 88c47daa-57ab-11ed-b110-48e7da55d14e
2022/10/29-11:02:57.408104 a948 [db/version_set.cc:4467] Creating manifest 5
2022/10/29-11:02:57.417159 a948 [db/db_impl/db_impl_open.cc:1965] SstFileManager instance 00000222D337D310
2022/10/29-11:02:57.417559 a948 DB pointer 00000222D3372480
2022/10/29-11:02:57.417970 c04 [db/db_impl/db_impl.cc:1043] ------- DUMPING STATS -------
2022/10/29-11:02:57.417985 c04 [db/db_impl/db_impl.cc:1044] 
** DB Stats **
Uptime(secs): 0.0 total, 0.0 interval
Cumulative writes: 0 writes, 0 keys, 0 commit groups, 0.0 writes per commit group, ingest: 0.00 GB, 0.00 MB/s
Cumulative WAL: 0 writes, 0 syncs, 0.00 writes per sync, written: 0.00 GB, 0.00 MB/s
Cumulative stall: 00:00:0.000 H:M:S, 0.0 percent
Interval writes: 0 writes, 0 keys, 0 commit groups, 0.0 writes per commit group, ingest: 0.00 MB, 0.00 MB/s
Interval WAL: 0 writes, 0 syncs, 0.00 writes per sync, written: 0.00 GB, 0.00 MB/s
Interval stall: 00:00:0.000 H:M:S, 0.0 percent

** Compaction Stats [default] **
Level    Files   Size     Score Read(GB)  Rn(GB) Rnp1(GB) Write(GB) Wnew(GB) Moved(GB) W-Amp Rd(MB/s) Wr(MB/s) Comp(sec) CompMergeCPU(sec) Comp(cnt) Avg(sec) KeyIn KeyDrop Rblob(GB) Wblob(GB)
------------------------------------------------------------------------------------------------------------------------------------------------------------------------------------------------
 Sum      0/0    0.00 KB   0.0      0.0     0.0      0.0       0.0      0.0       0.0   0.0      0.0      0.0      0.00              0.00         0    0.000       0      0       0.0       0.0
 Int      0/0    0.00 KB   0.0      0.0     0.0      0.0       0.0      0.0       0.0   0.0      0.0      0.0      0.00              0.00         0    0.000       0      0       0.0       0.0

** Compaction Stats [default] **
Priority    Files   Size     Score Read(GB)  Rn(GB) Rnp1(GB) Write(GB) Wnew(GB) Moved(GB) W-Amp Rd(MB/s) Wr(MB/s) Comp(sec) CompMergeCPU(sec) Comp(cnt) Avg(sec) KeyIn KeyDrop Rblob(GB) Wblob(GB)
---------------------------------------------------------------------------------------------------------------------------------------------------------------------------------------------------

Blob file count: 0, total size: 0.0 GB, garbage size: 0.0 GB, space amp: 0.0

Uptime(secs): 0.0 total, 0.0 interval
Flush(GB): cumulative 0.000, interval 0.000
AddFile(GB): cumulative 0.000, interval 0.000
AddFile(Total Files): cumulative 0, interval 0
AddFile(L0 Files): cumulative 0, interval 0
AddFile(Keys): cumulative 0, interval 0
Cumulative compaction: 0.00 GB write, 0.00 MB/s write, 0.00 GB read, 0.00 MB/s read, 0.0 seconds
Interval compaction: 0.00 GB write, 0.00 MB/s write, 0.00 GB read, 0.00 MB/s read, 0.0 seconds
Stalls(count): 0 level0_slowdown, 0 level0_slowdown_with_compaction, 0 level0_numfiles, 0 level0_numfiles_with_compaction, 0 stop for pending_compaction_bytes, 0 slowdown for pending_compaction_bytes, 0 memtable_compaction, 0 memtable_slowdown, interval 0 total count
Block cache LRUCache@00000222D335DC40#41032 capacity: 8.00 MB collections: 1 last_copies: 0 last_secs: 4.2e-05 secs_since: 0
Block cache entry stats(count,size,portion): Misc(1,0.00 KB,0%)

** File Read Latency Histogram By Level [default] **
